Sample	mapped_passed	duplicates_failed	secondary_passed	paired in sequencing_failed	duplicates_passed	read2_passed	read1_failed	read1_passed	with mate mapped to a different chr_passed	total_failed	properly paired_passed_pct	singletons_passed	supplementary_passed	singletons_passed_pct	mapped_failed_pct	mapped_passed_pct	supplementary_failed	with itself and mate mapped_failed	mapped_failed	total_passed	properly paired_failed	flagstat_total	with mate mapped to a different chr (mapQ >= 5)_passed	properly paired_failed_pct	with mate mapped to a different chr (mapQ >= 5)_failed	with itself and mate mapped_passed	read2_failed	with mate mapped to a different chr_failed	properly paired_passed	paired in sequencing_passed	singletons_failed	secondary_failed	singletons_failed_pct
TCGA-AB-2805.PrimaryBloodDerivedCancer-PeripheralBlood.RNA.681.Dupl_flagstats	167927957.0	9658096.0	34378371.0	38229752.0	36180054.0	71592744.0	19114876.0	71592744.0	0.0	44577762.0	91.06	3165490.0	0.0	2.21	61.48	94.57	0.0	16689168.0	27407088.0	177563859.0	16689168.0	222141621.0	0.0	43.65	0.0	130384096.0	19114876.0	0.0	130384096.0	143185488.0	4369910.0	6348010.0	11.43
TCGA-AB-2806.PrimaryBloodDerivedCancer-PeripheralBlood.RNA.473.Dupl_flagstats	177841844.0	7879701.0	38594663.0	38876238.0	29454347.0	73256847.0	19438119.0	73256847.0	0.0	45683744.0	92.76	3341181.0	0.0	2.28	60.41	96.07	0.0	16098994.0	27598996.0	185108357.0	16098994.0	230792101.0	0.0	41.41	0.0	135906000.0	19438119.0	0.0	135906000.0	146513694.0	4692496.0	6807506.0	12.07
TCGA-AB-2808.PrimaryBloodDerivedCancer-PeripheralBlood.RNA.91c.Dupl_flagstats	148728502.0	13290848.0	29888004.0	49435764.0	39962177.0	62577301.0	24717882.0	62577301.0	0.0	57129095.0	92.08	3593768.0	0.0	2.87	56.55	95.93	0.0	18130478.0	32309021.0	155042606.0	18130478.0	212171701.0	0.0	36.67	0.0	115246730.0	24717882.0	0.0	115246730.0	125154602.0	6485212.0	7693331.0	13.12
TCGA-AB-2810.PrimaryBloodDerivedCancer-PeripheralBlood.RNA.ccb.Dupl_flagstats	101195848.0	2440071.0	26472832.0	24361070.0	11595362.0	59067194.0	12180535.0	59067194.0	0.0	27927605.0	61.56	2003270.0	0.0	1.7	44.16	69.98	0.0	6906816.0	12333555.0	144607220.0	6906816.0	172534825.0	0.0	28.35	0.0	72719746.0	12180535.0	0.0	72719746.0	118134388.0	1860204.0	3566535.0	7.64
TCGA-AB-2811.PrimaryBloodDerivedCancer-PeripheralBlood.RNA.775.Dupl_flagstats	171266320.0	4879569.0	32591913.0	24294460.0	39122364.0	74815862.0	12147230.0	74815862.0	0.0	27597145.0	91.2	2206415.0	0.0	1.47	53.4	93.99	0.0	9316858.0	14737619.0	182223637.0	9316858.0	209820782.0	0.0	38.35	0.0	136467992.0	12147230.0	0.0	136467992.0	149631724.0	2118076.0	3302685.0	8.72
TCGA-AB-2812.PrimaryBloodDerivedCancer-PeripheralBlood.RNA.d4d.1.Dupl_flagstats	174467124.0	9609781.0	37839609.0	30506790.0	53139436.0	71634108.0	15253395.0	71634108.0	0.0	35872742.0	93.02	3358907.0	0.0	2.34	60.86	96.33	0.0	12717608.0	21833346.0	181107825.0	12717608.0	216980567.0	0.0	41.69	0.0	133268608.0	15253395.0	0.0	133268608.0	143268216.0	3749786.0	5365952.0	12.29
TCGA-AB-2813.PrimaryBloodDerivedCancer-PeripheralBlood.RNA.139.Dupl_flagstats	138936922.0	6754258.0	28983342.0	38284094.0	18747243.0	58660984.0	19142047.0	58660984.0	0.0	45123760.0	91.81	2243326.0	0.0	1.91	65.57	94.96	0.0	18960746.0	29586018.0	146305310.0	18960746.0	191429070.0	0.0	49.53	0.0	107710254.0	19142047.0	0.0	107710254.0	117321968.0	3785606.0	6839666.0	9.89
TCGA-AB-2814.PrimaryBloodDerivedCancer-PeripheralBlood.RNA.2b2.Dupl_flagstats	168277134.0	9645566.0	38221621.0	29258824.0	54604820.0	69243033.0	14629412.0	69243033.0	0.0	34591042.0	91.34	3561419.0	0.0	2.57	60.15	95.23	0.0	11896674.0	20806594.0	176707687.0	11896674.0	211298729.0	0.0	40.66	0.0	126494094.0	14629412.0	0.0	126494094.0	138486066.0	3577702.0	5332218.0	12.23
TCGA-AB-2815.PrimaryBloodDerivedCancer-PeripheralBlood.RNA.d67.Dupl_flagstats	159775445.0	8953889.0	32342789.0	35638976.0	39416756.0	68637470.0	17819488.0	68637470.0	0.0	41389174.0	89.85	4087500.0	0.0	2.98	57.08	94.2	0.0	13618888.0	23624170.0	169617729.0	13618888.0	211006903.0	0.0	38.21	0.0	123345156.0	17819488.0	0.0	123345156.0	137274940.0	4255084.0	5750198.0	11.94
TCGA-AB-2817.PrimaryBloodDerivedCancer-PeripheralBlood.RNA.896.Dupl_flagstats	123005437.0	2378943.0	28291402.0	28544046.0	6876365.0	54024371.0	14272023.0	54024371.0	0.0	34004232.0	85.68	2135259.0	0.0	1.98	65.45	90.22	0.0	14432986.0	22255146.0	136340144.0	14432986.0	170344376.0	0.0	50.56	0.0	92578776.0	14272023.0	0.0	92578776.0	108048742.0	2361974.0	5460186.0	8.27
TCGA-AB-2818.PrimaryBloodDerivedCancer-PeripheralBlood.RNA.2e4.1.Dupl_flagstats	146620526.0	6458172.0	28100897.0	37550526.0	20964569.0	62240967.0	18775263.0	62240967.0	0.0	43272012.0	92.66	3170805.0	0.0	2.55	57.79	96.09	0.0	14335708.0	25005873.0	152582831.0	14335708.0	195854843.0	0.0	38.18	0.0	115348824.0	18775263.0	0.0	115348824.0	124481934.0	4948679.0	5721486.0	13.18
TCGA-AB-2819.PrimaryBloodDerivedCancer-PeripheralBlood.RNA.b73.Dupl_flagstats	173405788.0	10924917.0	42587708.0	32418702.0	58936859.0	71830586.0	16209351.0	71830586.0	0.0	38834664.0	88.27	4010034.0	0.0	2.79	59.68	93.1	0.0	12764300.0	23178029.0	186248880.0	12764300.0	225083544.0	0.0	39.37	0.0	126808046.0	16209351.0	0.0	126808046.0	143661172.0	3997767.0	6415962.0	12.33
TCGA-AB-2820.PrimaryBloodDerivedCancer-PeripheralBlood.RNA.4a3.Dupl_flagstats	123139312.0	1253114.0	24368800.0	14267262.0	7476763.0	53022785.0	7133631.0	53022785.0	0.0	16535876.0	91.09	2175202.0	0.0	2.05	57.85	94.42	0.0	5597898.0	9566057.0	130414370.0	5597898.0	146950246.0	0.0	39.24	0.0	96595310.0	7133631.0	0.0	96595310.0	106045570.0	1699545.0	2268614.0	11.91
TCGA-AB-2821.PrimaryBloodDerivedCancer-PeripheralBlood.RNA.5ee.Dupl_flagstats	148381685.0	1553766.0	30486337.0	14917880.0	10504329.0	62166691.0	7458940.0	62166691.0	0.0	17448413.0	92.85	2447666.0	0.0	1.97	61.59	95.84	0.0	6407106.0	10747002.0	154819719.0	6407106.0	172268132.0	0.0	42.95	0.0	115447682.0	7458940.0	0.0	115447682.0	124333382.0	1809363.0	2530533.0	12.13
TCGA-AB-2822.PrimaryBloodDerivedCancer-PeripheralBlood.RNA.feb.Dupl_flagstats	171755171.0	8009422.0	42464718.0	31895282.0	38208148.0	69968757.0	15947641.0	69968757.0	0.0	38021139.0	89.92	3465159.0	0.0	2.48	60.21	94.16	0.0	12962530.0	22890844.0	182402232.0	12962530.0	220423371.0	0.0	40.64	0.0	125825294.0	15947641.0	0.0	125825294.0	139937514.0	3802457.0	6125857.0	11.92
TCGA-AB-2823.PrimaryBloodDerivedCancer-PeripheralBlood.RNA.375.Dupl_flagstats	150667544.0	4022724.0	29155840.0	28409022.0	15961965.0	63079970.0	14204511.0	63079970.0	0.0	32970429.0	94.6	2170204.0	0.0	1.72	60.84	97.01	0.0	12304110.0	20059085.0	155315780.0	12304110.0	188286209.0	0.0	43.31	0.0	119341500.0	14204511.0	0.0	119341500.0	126159940.0	3193568.0	4561407.0	11.24
TCGA-AB-2825.PrimaryBloodDerivedCancer-PeripheralBlood.RNA.d5d.Dupl_flagstats	131552815.0	2175555.0	28467740.0	21427512.0	9597088.0	57216993.0	10713756.0	57216993.0	0.0	24890224.0	87.52	2937317.0	0.0	2.57	58.67	92.06	0.0	8474980.0	14603101.0	142901726.0	8474980.0	167791950.0	0.0	39.55	0.0	100147758.0	10713756.0	0.0	100147758.0	114433986.0	2665409.0	3462712.0	12.44
TCGA-AB-2826.PrimaryBloodDerivedCancer-PeripheralBlood.RNA.eb1.1.Dupl_flagstats	139314050.0	15922925.0	30852578.0	44057908.0	56785997.0	58719247.0	22028954.0	58719247.0	0.0	51838051.0	88.88	4078928.0	0.0	3.47	59.36	93.95	0.0	16226932.0	30770010.0	148291072.0	16226932.0	200129123.0	0.0	36.83	0.0	104382544.0	22028954.0	0.0	104382544.0	117438494.0	6762935.0	7780143.0	15.35
TCGA-AB-2828.PrimaryBloodDerivedCancer-PeripheralBlood.RNA.6d6.Dupl_flagstats	164098936.0	10148710.0	39370398.0	32155764.0	54125976.0	69760280.0	16077882.0	69760280.0	0.0	38639257.0	86.87	3526322.0	0.0	2.53	57.97	91.73	0.0	11960898.0	22399206.0	178890958.0	11960898.0	217530215.0	0.0	37.2	0.0	121202216.0	16077882.0	0.0	121202216.0	139520560.0	3954815.0	6483493.0	12.3
TCGA-AB-2830.PrimaryBloodDerivedCancer-PeripheralBlood.RNA.0c9.Dupl_flagstats	142482177.0	1905705.0	31488356.0	17093540.0	12041296.0	59768298.0	8546770.0	59768298.0	0.0	20234763.0	91.04	2168537.0	0.0	1.81	59.46	94.34	0.0	7001046.0	12031953.0	151024952.0	7001046.0	171259715.0	0.0	40.96	0.0	108825284.0	8546770.0	0.0	108825284.0	119536596.0	1889684.0	3141223.0	11.05
TCGA-AB-2834.PrimaryBloodDerivedCancer-PeripheralBlood.RNA.9f7.Dupl_flagstats	158765543.0	10256591.0	35121648.0	32509862.0	57280411.0	66569433.0	16254931.0	66569433.0	0.0	38137340.0	89.51	4471851.0	0.0	3.36	55.9	94.36	0.0	11623068.0	21318606.0	168260514.0	11623068.0	206397854.0	0.0	35.75	0.0	119172044.0	16254931.0	0.0	119172044.0	133138866.0	4068060.0	5627478.0	12.51
TCGA-AB-2835.PrimaryBloodDerivedCancer-PeripheralBlood.RNA.d97.Dupl_flagstats	148670706.0	3105241.0	33935090.0	24875822.0	14899614.0	62588982.0	12437911.0	62588982.0	0.0	28686120.0	89.67	2484480.0	0.0	1.98	53.69	93.44	0.0	9127420.0	15402486.0	159113054.0	9127420.0	187799174.0	0.0	36.69	0.0	112251136.0	12437911.0	0.0	112251136.0	125177964.0	2464768.0	3810298.0	9.91
TCGA-AB-2836.PrimaryBloodDerivedCancer-PeripheralBlood.RNA.bc5.1.Dupl_flagstats	136969405.0	2513132.0	28691063.0	24131356.0	9844174.0	57860311.0	12065678.0	57860311.0	0.0	27824137.0	91.26	2667558.0	0.0	2.31	58.4	94.85	0.0	9572654.0	16249199.0	144411685.0	9572654.0	172235822.0	0.0	39.67	0.0	105610784.0	12065678.0	0.0	105610784.0	115720622.0	2983764.0	3692781.0	12.36
TCGA-AB-2839.PrimaryBloodDerivedCancer-PeripheralBlood.RNA.da1.1.Dupl_flagstats	158975872.0	5762433.0	33981443.0	28419178.0	28084433.0	69658298.0	14209589.0	69658298.0	0.0	33500821.0	87.32	3342325.0	0.0	2.4	61.15	91.74	0.0	12060800.0	20487057.0	173298039.0	12060800.0	206798860.0	0.0	42.44	0.0	121652104.0	14209589.0	0.0	121652104.0	139316596.0	3344614.0	5081643.0	11.77
TCGA-AB-2840.PrimaryBloodDerivedCancer-PeripheralBlood.RNA.3e8.Dupl_flagstats	164091115.0	9200128.0	45057866.0	23959846.0	74718669.0	65834647.0	11979923.0	65834647.0	0.0	29151853.0	87.16	4267997.0	0.0	3.24	59.43	92.85	0.0	8664590.0	17325265.0	176727160.0	8664590.0	205879013.0	0.0	36.16	0.0	114765252.0	11979923.0	0.0	114765252.0	131669294.0	3468668.0	5192007.0	14.48
TCGA-AB-2841.PrimaryBloodDerivedCancer-PeripheralBlood.RNA.41e.Dupl_flagstats	161613675.0	9297368.0	47808625.0	38506634.0	50175077.0	78714579.0	19253317.0	78714579.0	0.0	45608082.0	71.07	1926752.0	0.0	1.22	48.71	78.74	0.0	12226186.0	22216536.0	205237783.0	12226186.0	250845865.0	0.0	31.75	0.0	111878298.0	19253317.0	0.0	111878298.0	157429158.0	2888902.0	7101448.0	7.5
TCGA-AB-2842.PrimaryBloodDerivedCancer-PeripheralBlood.RNA.540.Dupl_flagstats	157085703.0	17207275.0	32395535.0	58452450.0	48354429.0	66702223.0	29226225.0	66702223.0	0.0	67321220.0	90.28	4257194.0	0.0	3.19	55.98	94.74	0.0	21734606.0	37683780.0	165799981.0	21734606.0	233121201.0	0.0	37.18	0.0	120432974.0	29226225.0	0.0	120432974.0	133404446.0	7080404.0	8868770.0	12.11
TCGA-AB-2843.PrimaryBloodDerivedCancer-PeripheralBlood.RNA.b0e.Dupl_flagstats	102207862.0	1278674.0	28816672.0	17273880.0	8718392.0	50107662.0	8636940.0	50107662.0	0.0	19976263.0	71.04	2200144.0	0.0	2.2	42.46	79.21	0.0	4462090.0	8482793.0	129031996.0	4462090.0	149008259.0	0.0	25.83	0.0	71191046.0	8636940.0	0.0	71191046.0	100215324.0	1318320.0	2702383.0	7.63
TCGA-AB-2844.PrimaryBloodDerivedCancer-PeripheralBlood.RNA.7e3.Dupl_flagstats	143180530.0	5250943.0	30512912.0	29936528.0	21589322.0	62491564.0	14968264.0	62491564.0	0.0	35234514.0	88.21	2415326.0	0.0	1.93	58.33	92.08	0.0	12054626.0	20553698.0	155496040.0	12054626.0	190730554.0	0.0	40.27	0.0	110252292.0	14968264.0	0.0	110252292.0	124983128.0	3201086.0	5297986.0	10.69
TCGA-AB-2845.PrimaryBloodDerivedCancer-PeripheralBlood.RNA.ec0.Dupl_flagstats	149558374.0	3975690.0	30200310.0	30854282.0	17825512.0	61984285.0	15427141.0	61984285.0	0.0	35046649.0	94.4	2330292.0	0.0	1.88	50.8	97.01	0.0	10714080.0	17803360.0	154168880.0	10714080.0	189215529.0	0.0	34.72	0.0	117027772.0	15427141.0	0.0	117027772.0	123968570.0	2896913.0	4192367.0	9.39
TCGA-AB-2846.PrimaryBloodDerivedCancer-PeripheralBlood.RNA.0c8.1.Dupl_flagstats	150956455.0	2757917.0	31771645.0	26232562.0	10681889.0	62689059.0	13116281.0	62689059.0	0.0	30819742.0	92.92	2678732.0	0.0	2.14	61.43	96.06	0.0	11404596.0	18933050.0	157149763.0	11404596.0	187969505.0	0.0	43.47	0.0	116506078.0	13116281.0	0.0	116506078.0	125378118.0	2941274.0	4587180.0	11.21
TCGA-AB-2847.PrimaryBloodDerivedCancer-PeripheralBlood.RNA.428.Dupl_flagstats	150384377.0	3688716.0	32109243.0	29438742.0	15116916.0	64021927.0	14719371.0	64021927.0	0.0	34678064.0	90.08	2935846.0	0.0	2.29	60.07	93.9	0.0	12305480.0	20832609.0	160153097.0	12305480.0	194831161.0	0.0	41.8	0.0	115339288.0	14719371.0	0.0	115339288.0	128043854.0	3287807.0	5239322.0	11.17
TCGA-AB-2849.PrimaryBloodDerivedCancer-PeripheralBlood.RNA.305.Dupl_flagstats	150008683.0	11469661.0	29300625.0	68236494.0	21763290.0	63152129.0	34118247.0	63152129.0	0.0	77823955.0	92.81	3481132.0	0.0	2.76	55.34	96.4	0.0	25275616.0	43068181.0	155604883.0	25275616.0	233428838.0	0.0	37.04	0.0	117226926.0	34118247.0	0.0	117226926.0	126304258.0	8205104.0	9587461.0	12.02
TCGA-AB-2851.PrimaryBloodDerivedCancer-PeripheralBlood.RNA.f11.Dupl_flagstats	140592110.0	2415347.0	30603214.0	22065114.0	13211507.0	59197762.0	11032557.0	59197762.0	0.0	25190595.0	91.16	2061276.0	0.0	1.74	52.4	94.36	0.0	7962324.0	13199644.0	148998738.0	7962324.0	174189333.0	0.0	36.09	0.0	107927620.0	11032557.0	0.0	107927620.0	118395524.0	2111839.0	3125481.0	9.57
TCGA-AB-2853.PrimaryBloodDerivedCancer-PeripheralBlood.RNA.854.Dupl_flagstats	144415633.0	13186817.0	30186635.0	54678230.0	35126690.0	61177710.0	27339115.0	61177710.0	0.0	63253876.0	89.83	4314134.0	0.0	3.53	55.35	94.67	0.0	19226864.0	35008118.0	152542055.0	19226864.0	215795931.0	0.0	35.16	0.0	109914864.0	27339115.0	0.0	109914864.0	122355420.0	7205608.0	8575646.0	13.18
TCGA-AB-2856.PrimaryBloodDerivedCancer-PeripheralBlood.RNA.14f.Dupl_flagstats	129955654.0	2073599.0	28329806.0	13138622.0	15982279.0	56318726.0	6569311.0	56318726.0	0.0	15694265.0	87.18	3423964.0	0.0	3.04	60.02	92.19	0.0	5243234.0	9419020.0	140967258.0	5243234.0	156661523.0	0.0	39.91	0.0	98201884.0	6569311.0	0.0	98201884.0	112637452.0	1620143.0	2555643.0	12.33
TCGA-AB-2857.PrimaryBloodDerivedCancer-PeripheralBlood.RNA.d37.Dupl_flagstats	144548934.0	2324772.0	32083354.0	21370734.0	12246085.0	60487362.0	10685367.0	60487362.0	0.0	24704335.0	90.51	2972096.0	0.0	2.46	54.65	94.44	0.0	7987526.0	13502104.0	153058078.0	7987526.0	177762413.0	0.0	37.38	0.0	109493484.0	10685367.0	0.0	109493484.0	120974724.0	2180977.0	3333601.0	10.21
TCGA-AB-2858.PrimaryBloodDerivedCancer-PeripheralBlood.RNA.e38.Dupl_flagstats	148918751.0	2918898.0	33455529.0	20209764.0	17708884.0	62454975.0	10104882.0	62454975.0	0.0	24051192.0	90.19	2801178.0	0.0	2.24	61.83	94.03	0.0	8724334.0	14870414.0	158365479.0	8724334.0	182416671.0	0.0	43.17	0.0	112662044.0	10104882.0	0.0	112662044.0	124909950.0	2304652.0	3841428.0	11.4
TCGA-AB-2859.PrimaryBloodDerivedCancer-PeripheralBlood.RNA.180.Dupl_flagstats	134006890.0	2529690.0	25434059.0	25490760.0	11103055.0	62491389.0	12745380.0	62491389.0	0.0	28897450.0	85.18	2108797.0	0.0	1.69	51.98	89.09	0.0	9189938.0	15020091.0	150416837.0	9189938.0	179314287.0	0.0	36.05	0.0	106464034.0	12745380.0	0.0	106464034.0	124982778.0	2423463.0	3406690.0	9.51
TCGA-AB-2861.PrimaryBloodDerivedCancer-PeripheralBlood.RNA.18c.Dupl_flagstats	142735495.0	2573933.0	31036492.0	20084184.0	17037664.0	60226154.0	10042092.0	60226154.0	0.0	23309973.0	90.18	3077597.0	0.0	2.56	53.73	94.22	0.0	7250776.0	12524245.0	151488800.0	7250776.0	174798773.0	0.0	36.1	0.0	108621406.0	10042092.0	0.0	108621406.0	120452308.0	2047680.0	3225789.0	10.2
TCGA-AB-2862.PrimaryBloodDerivedCancer-PeripheralBlood.RNA.76e.Dupl_flagstats	126437977.0	2647351.0	30933179.0	24584228.0	12881146.0	61390600.0	12292114.0	61390600.0	0.0	28702715.0	75.59	2697634.0	0.0	2.2	52.75	82.26	0.0	8594668.0	15141867.0	153714379.0	8594668.0	182417094.0	0.0	34.96	0.0	92807164.0	12292114.0	0.0	92807164.0	122781200.0	2428712.0	4118487.0	9.88
TCGA-AB-2863.PrimaryBloodDerivedCancer-PeripheralBlood.RNA.5bd.1.Dupl_flagstats	157838531.0	8361924.0	32752857.0	34604672.0	35911102.0	66315883.0	17302336.0	66315883.0	0.0	40216288.0	91.39	3874062.0	0.0	2.92	57.02	95.44	0.0	13208314.0	22931410.0	165384623.0	13208314.0	205600911.0	0.0	38.17	0.0	121211612.0	17302336.0	0.0	121211612.0	132631766.0	4111480.0	5611616.0	11.88
TCGA-AB-2865.PrimaryBloodDerivedCancer-PeripheralBlood.RNA.942.1.Dupl_flagstats	125119833.0	1844773.0	28755667.0	22907002.0	8310113.0	60369066.0	11453501.0	60369066.0	0.0	26245459.0	78.02	2161826.0	0.0	1.79	51.6	83.7	0.0	8128214.0	13542533.0	149493799.0	8128214.0	175739258.0	0.0	35.48	0.0	94202340.0	11453501.0	0.0	94202340.0	120738132.0	2075862.0	3338457.0	9.06
TCGA-AB-2866.PrimaryBloodDerivedCancer-PeripheralBlood.RNA.3a4.Dupl_flagstats	132680226.0	2391679.0	28086050.0	24140100.0	9957137.0	55343994.0	12070050.0	55343994.0	0.0	27684792.0	92.71	1972206.0	0.0	1.78	55.63	95.61	0.0	9267942.0	15400399.0	138774038.0	9267942.0	166458830.0	0.0	38.39	0.0	102621970.0	12070050.0	0.0	102621970.0	110687988.0	2587765.0	3544692.0	10.72
TCGA-AB-2867.PrimaryBloodDerivedCancer-PeripheralBlood.RNA.7c2.1.Dupl_flagstats	144585056.0	14739257.0	30985772.0	42255696.0	54563681.0	60661926.0	21127848.0	60661926.0	0.0	49666090.0	90.6	3685332.0	0.0	3.04	59.13	94.93	0.0	15818252.0	29367887.0	152309624.0	15818252.0	201975714.0	0.0	37.43	0.0	109913952.0	21127848.0	0.0	109913952.0	121323852.0	6139241.0	7410394.0	14.53
TCGA-AB-2869.PrimaryBloodDerivedCancer-PeripheralBlood.RNA.449.1.Dupl_flagstats	143120628.0	2331796.0	31513578.0	24280488.0	10684564.0	59794424.0	12140244.0	59794424.0	0.0	28209357.0	90.91	2893492.0	0.0	2.42	55.93	94.72	0.0	9058388.0	15777929.0	151102426.0	9058388.0	179311783.0	0.0	37.31	0.0	108713558.0	12140244.0	0.0	108713558.0	119588848.0	2790672.0	3928869.0	11.49
TCGA-AB-2870.PrimaryBloodDerivedCancer-PeripheralBlood.RNA.8ee.Dupl_flagstats	136310689.0	1652465.0	27266880.0	15568332.0	10463369.0	58613888.0	7784166.0	58613888.0	0.0	17944478.0	90.04	3489879.0	0.0	2.98	58.13	94.34	0.0	6141106.0	10430252.0	144494656.0	6141106.0	162439134.0	0.0	39.45	0.0	105553930.0	7784166.0	0.0	105553930.0	117227776.0	1913000.0	2376146.0	12.29
TCGA-AB-2871.PrimaryBloodDerivedCancer-PeripheralBlood.RNA.0f9.Dupl_flagstats	134716726.0	1929985.0	28898675.0	21086144.0	9606278.0	56662829.0	10543072.0	56662829.0	0.0	24340743.0	91.02	2665067.0	0.0	2.35	54.99	94.72	0.0	7756062.0	13386058.0	142224333.0	7756062.0	166565076.0	0.0	36.78	0.0	103152984.0	10543072.0	0.0	103152984.0	113325658.0	2375397.0	3254599.0	11.27
TCGA-AB-2872.PrimaryBloodDerivedCancer-PeripheralBlood.RNA.e9d.1.Dupl_flagstats	166855226.0	4526932.0	36888956.0	27884174.0	24956989.0	67740434.0	13942087.0	67740434.0	0.0	32911132.0	93.88	2780422.0	0.0	2.05	58.13	96.8	0.0	11083738.0	19132795.0	172369824.0	11083738.0	205280956.0	0.0	39.75	0.0	127185848.0	13942087.0	0.0	127185848.0	135480868.0	3022099.0	5026958.0	10.84
TCGA-AB-2873.PrimaryBloodDerivedCancer-PeripheralBlood.RNA.df8.Dupl_flagstats	142234832.0	2306660.0	27276717.0	23552558.0	10008108.0	61289191.0	11776279.0	61289191.0	0.0	26970533.0	91.4	2917293.0	0.0	2.38	55.74	94.91	0.0	8906744.0	15033865.0	149855099.0	8906744.0	176825632.0	0.0	37.82	0.0	112040822.0	11776279.0	0.0	112040822.0	122578382.0	2709146.0	3417975.0	11.5
TCGA-AB-2874.PrimaryBloodDerivedCancer-PeripheralBlood.RNA.3b7.1.Dupl_flagstats	125503847.0	2739141.0	24956438.0	27856794.0	8868521.0	53453069.0	13928397.0	53453069.0	0.0	32194265.0	90.98	3280313.0	0.0	3.07	54.78	95.18	0.0	10141618.0	17635970.0	131862576.0	10141618.0	164056841.0	0.0	36.41	0.0	97267096.0	13928397.0	0.0	97267096.0	106906138.0	3156881.0	4337471.0	11.33
TCGA-AB-2875.PrimaryBloodDerivedCancer-PeripheralBlood.RNA.064.Dupl_flagstats	144959539.0	2384606.0	30667806.0	23000384.0	11423204.0	60208784.0	11500192.0	60208784.0	0.0	26534238.0	92.68	2683481.0	0.0	2.23	55.52	95.95	0.0	8750674.0	14732225.0	151085374.0	8750674.0	177619612.0	0.0	38.05	0.0	111608252.0	11500192.0	0.0	111608252.0	120417568.0	2447697.0	3533854.0	10.64
TCGA-AB-2876.PrimaryBloodDerivedCancer-PeripheralBlood.RNA.6c9.Dupl_flagstats	154607194.0	12236336.0	32960315.0	37397320.0	48855572.0	65130295.0	18698660.0	65130295.0	0.0	44226285.0	90.02	4382459.0	0.0	3.36	60.59	94.72	0.0	15144630.0	26798488.0	163220905.0	15144630.0	207447190.0	0.0	40.5	0.0	117264420.0	18698660.0	0.0	117264420.0	130260590.0	4824893.0	6828965.0	12.9
TCGA-AB-2877.PrimaryBloodDerivedCancer-PeripheralBlood.RNA.5ed.Dupl_flagstats	129410374.0	3073084.0	22836137.0	31693076.0	9430160.0	57311212.0	15846538.0	57311212.0	0.0	36105301.0	89.21	4321367.0	0.0	3.77	54.5	94.15	0.0	11360842.0	19676781.0	137458561.0	11360842.0	173563862.0	0.0	35.85	0.0	102252870.0	15846538.0	0.0	102252870.0	114622424.0	3903714.0	4412225.0	12.32
TCGA-AB-2878.PrimaryBloodDerivedCancer-PeripheralBlood.RNA.142.Dupl_flagstats	161633939.0	12213684.0	37005989.0	34335002.0	58732676.0	66905054.0	17167501.0	66905054.0	0.0	40810282.0	89.74	4552982.0	0.0	3.4	60.57	94.62	0.0	13785502.0	24720711.0	170816097.0	13785502.0	211626379.0	0.0	40.15	0.0	120074968.0	17167501.0	0.0	120074968.0	133810108.0	4459929.0	6475280.0	12.99
TCGA-AB-2880.PrimaryBloodDerivedCancer-PeripheralBlood.RNA.be4.Dupl_flagstats	129059945.0	2879865.0	25208691.0	29512638.0	9416003.0	54843397.0	14756319.0	54843397.0	0.0	34132766.0	91.94	3008738.0	0.0	2.74	55.46	95.67	0.0	10991484.0	18930289.0	134895485.0	10991484.0	169028251.0	0.0	37.24	0.0	100842516.0	14756319.0	0.0	100842516.0	109686794.0	3318677.0	4620128.0	11.24
TCGA-AB-2881.PrimaryBloodDerivedCancer-PeripheralBlood.RNA.301.2.Dupl_flagstats	151521554.0	3078072.0	31350886.0	28173524.0	12158674.0	63567146.0	14086762.0	63567146.0	0.0	32892692.0	92.22	2931096.0	0.0	2.31	57.56	95.61	0.0	10965326.0	18931635.0	158485178.0	10965326.0	191377870.0	0.0	38.92	0.0	117239572.0	14086762.0	0.0	117239572.0	127134292.0	3247141.0	4719168.0	11.53
TCGA-AB-2882.PrimaryBloodDerivedCancer-PeripheralBlood.RNA.b92.Dupl_flagstats	150073607.0	3175800.0	23792053.0	28452668.0	14405620.0	65248060.0	14226334.0	65248060.0	0.0	31843019.0	94.77	2612660.0	0.0	2.0	53.1	97.27	0.0	10632682.0	16907765.0	154288173.0	10632682.0	186131192.0	0.0	37.37	0.0	123668894.0	14226334.0	0.0	123668894.0	130496120.0	2884732.0	3390351.0	10.14
TCGA-AB-2883.PrimaryBloodDerivedCancer-PeripheralBlood.RNA.5af.1.Dupl_flagstats	164092658.0	9210084.0	44143945.0	25859906.0	63876819.0	66507509.0	12929953.0	66507509.0	0.0	31073185.0	86.81	4475649.0	0.0	3.36	58.69	92.62	0.0	9582470.0	18236299.0	177158963.0	9582470.0	208232148.0	0.0	37.06	0.0	115473064.0	12929953.0	0.0	115473064.0	133015018.0	3440550.0	5213279.0	13.3
TCGA-AB-2884.PrimaryBloodDerivedCancer-PeripheralBlood.RNA.6ed.1.Dupl_flagstats	144891092.0	1994563.0	28478610.0	18982806.0	9845714.0	61352667.0	9491403.0	61352667.0	0.0	21990521.0	92.15	3343974.0	0.0	2.73	61.36	95.84	0.0	8163782.0	13494349.0	151183944.0	8163782.0	173174465.0	0.0	43.01	0.0	113068508.0	9491403.0	0.0	113068508.0	122705334.0	2322852.0	3007715.0	12.24
TCGA-AB-2885.PrimaryBloodDerivedCancer-PeripheralBlood.RNA.1fa.Dupl_flagstats	121446748.0	1859715.0	22093946.0	23787888.0	6273321.0	52462209.0	11893944.0	52462209.0	0.0	26978766.0	92.11	2709774.0	0.0	2.58	51.79	95.61	0.0	8281068.0	13973403.0	127018364.0	8281068.0	153997130.0	0.0	34.81	0.0	96643028.0	11893944.0	0.0	96643028.0	104924418.0	2501457.0	3190878.0	10.52
TCGA-AB-2886.PrimaryBloodDerivedCancer-PeripheralBlood.RNA.212.Dupl_flagstats	152172150.0	2611176.0	32338404.0	24829568.0	11570820.0	63309295.0	12414784.0	63309295.0	0.0	28858309.0	92.47	2743894.0	0.0	2.17	57.07	95.73	0.0	9720798.0	16468902.0	158956994.0	9720798.0	187815303.0	0.0	39.15	0.0	117089852.0	12414784.0	0.0	117089852.0	126618590.0	2719363.0	4028741.0	10.95
TCGA-AB-2888.PrimaryBloodDerivedCancer-PeripheralBlood.RNA.9e3.Dupl_flagstats	145437486.0	5269136.0	24817655.0	36506870.0	18844620.0	62956034.0	18253435.0	62956034.0	0.0	40741618.0	93.85	2452529.0	0.0	1.95	51.09	96.49	0.0	13015852.0	20812951.0	150729723.0	13015852.0	191471341.0	0.0	35.65	0.0	118167302.0	18253435.0	0.0	118167302.0	125912068.0	3562351.0	4234748.0	9.76
TCGA-AB-2889.PrimaryBloodDerivedCancer-PeripheralBlood.RNA.155.Dupl_flagstats	143032700.0	2671133.0	32399661.0	21555348.0	14570519.0	59572391.0	10777674.0	59572391.0	0.0	25271283.0	90.37	2957127.0	0.0	2.48	56.82	94.38	0.0	8202486.0	14359915.0	151544443.0	8202486.0	176815726.0	0.0	38.05	0.0	107675912.0	10777674.0	0.0	107675912.0	119144782.0	2441494.0	3715935.0	11.33
TCGA-AB-2890.PrimaryBloodDerivedCancer-PeripheralBlood.RNA.baf.1.Dupl_flagstats	129271502.0	2715553.0	23252100.0	29653078.0	8654492.0	56070124.0	14826539.0	56070124.0	0.0	33793621.0	91.65	3237414.0	0.0	2.89	54.36	95.48	0.0	10914770.0	18371713.0	135392348.0	10914770.0	169185969.0	0.0	36.81	0.0	102781988.0	14826539.0	0.0	102781988.0	112140248.0	3316400.0	4140543.0	11.18
TCGA-AB-2891.PrimaryBloodDerivedCancer-PeripheralBlood.RNA.cfa.1.Dupl_flagstats	119383528.0	2349017.0	24301872.0	23992592.0	8663873.0	51341043.0	11996296.0	51341043.0	0.0	27583861.0	89.86	2809740.0	0.0	2.74	53.26	94.01	0.0	8573396.0	14692202.0	126983958.0	8573396.0	154567819.0	0.0	35.73	0.0	92271916.0	11996296.0	0.0	92271916.0	102682086.0	2527537.0	3591269.0	10.53
TCGA-AB-2892.PrimaryBloodDerivedCancer-PeripheralBlood.RNA.722.Dupl_flagstats	152368575.0	10188332.0	33328881.0	36428946.0	48365075.0	64408145.0	18214473.0	64408145.0	0.0	42793166.0	89.19	4153770.0	0.0	3.22	54.8	93.97	0.0	12687252.0	23449166.0	162145171.0	12687252.0	204938337.0	0.0	34.83	0.0	114885924.0	18214473.0	0.0	114885924.0	128816290.0	4397694.0	6364220.0	12.07
TCGA-AB-2893.PrimaryBloodDerivedCancer-PeripheralBlood.RNA.0ed.Dupl_flagstats	156300434.0	11084279.0	34062550.0	34564996.0	49305643.0	67961459.0	17282498.0	67961459.0	0.0	40535099.0	86.92	4089940.0	0.0	3.01	59.7	91.95	0.0	13918704.0	24197700.0	169985468.0	13918704.0	210520567.0	0.0	40.27	0.0	118147944.0	17282498.0	0.0	118147944.0	135922918.0	4308893.0	5970103.0	12.47
TCGA-AB-2894.PrimaryBloodDerivedCancer-PeripheralBlood.RNA.828.1.Dupl_flagstats	164662196.0	9000990.0	33024269.0	37096250.0	35541495.0	69407444.0	18548125.0	69407444.0	0.0	43190782.0	92.48	3259027.0	0.0	2.35	60.71	95.82	0.0	15653724.0	26220100.0	171839157.0	15653724.0	215029939.0	0.0	42.2	0.0	128378900.0	18548125.0	0.0	128378900.0	138814888.0	4471844.0	6094532.0	12.05
TCGA-AB-2895.PrimaryBloodDerivedCancer-PeripheralBlood.RNA.8cc.Dupl_flagstats	126856792.0	1626494.0	27031793.0	20402188.0	6514146.0	54485805.0	10201094.0	54485805.0	0.0	23466267.0	89.03	2806317.0	0.0	2.58	53.33	93.27	0.0	7146708.0	12514423.0	136003403.0	7146708.0	159469670.0	0.0	35.03	0.0	97018682.0	10201094.0	0.0	97018682.0	108971610.0	2303636.0	3064079.0	11.29
TCGA-AB-2896.PrimaryBloodDerivedCancer-PeripheralBlood.RNA.bc3.Dupl_flagstats	117714136.0	1688188.0	24040498.0	15358964.0	14948937.0	48287949.0	7679482.0	48287949.0	0.0	16990690.0	95.1	1825898.0	0.0	1.89	40.73	97.59	0.0	4172340.0	6920434.0	120616396.0	4172340.0	137607086.0	0.0	27.17	0.0	91847740.0	7679482.0	0.0	91847740.0	96575898.0	1116368.0	1631726.0	7.27
TCGA-AB-2897.PrimaryBloodDerivedCancer-PeripheralBlood.RNA.2c2.Dupl_flagstats	148484470.0	2949952.0	32974966.0	25829036.0	14077843.0	62659232.0	12914518.0	62659232.0	0.0	30282131.0	89.8	2979054.0	0.0	2.38	56.28	93.8	0.0	9629390.0	17043367.0	158293430.0	9629390.0	188575561.0	0.0	37.28	0.0	112530450.0	12914518.0	0.0	112530450.0	125318464.0	2960882.0	4453095.0	11.46
TCGA-AB-2898.PrimaryBloodDerivedCancer-PeripheralBlood.RNA.37d.Dupl_flagstats	132954816.0	1660814.0	29098092.0	19971816.0	7681662.0	54613569.0	9985908.0	54613569.0	0.0	23434918.0	92.9	2381840.0	0.0	2.18	57.34	96.12	0.0	7767674.0	13438300.0	138325230.0	7767674.0	161760148.0	0.0	38.89	0.0	101474884.0	9985908.0	0.0	101474884.0	109227138.0	2207524.0	3463102.0	11.05
TCGA-AB-2899.PrimaryBloodDerivedCancer-PeripheralBlood.RNA.9e2.Dupl_flagstats	140828198.0	1374867.0	31321631.0	14380232.0	8523528.0	59986479.0	7190116.0	59986479.0	0.0	17136851.0	88.3	3570345.0	0.0	2.98	62.21	93.08	0.0	6086172.0	10660902.0	151294589.0	6086172.0	168431440.0	0.0	42.32	0.0	105936222.0	7190116.0	0.0	105936222.0	119972958.0	1818111.0	2756619.0	12.64
TCGA-AB-2900.PrimaryBloodDerivedCancer-PeripheralBlood.RNA.487.1.Dupl_flagstats	122472184.0	2629922.0	26367497.0	24964680.0	10665184.0	52360659.0	12482340.0	52360659.0	0.0	28683178.0	88.62	3301251.0	0.0	3.15	51.54	93.43	0.0	8373430.0	14783040.0	131088815.0	8373430.0	159771993.0	0.0	33.54	0.0	92803436.0	12482340.0	0.0	92803436.0	104721318.0	2691112.0	3718498.0	10.78
TCGA-AB-2901.PrimaryBloodDerivedCancer-PeripheralBlood.RNA.36a.Dupl_flagstats	135082317.0	2198620.0	24905737.0	23549164.0	9132831.0	57645879.0	11774582.0	57645879.0	0.0	26989210.0	93.28	2628338.0	0.0	2.28	56.7	96.35	0.0	9117798.0	15301620.0	140197495.0	9117798.0	167186705.0	0.0	38.72	0.0	107548242.0	11774582.0	0.0	107548242.0	115291758.0	2743776.0	3440046.0	11.65
TCGA-AB-2908.PrimaryBloodDerivedCancer-PeripheralBlood.RNA.a72.Dupl_flagstats	148813623.0	4341205.0	29227650.0	22798082.0	30697033.0	61845566.0	11399041.0	61845566.0	0.0	25931202.0	94.25	3003627.0	0.0	2.43	53.93	97.32	0.0	8543864.0	13985834.0	152918782.0	8543864.0	178849984.0	0.0	37.48	0.0	116582346.0	11399041.0	0.0	116582346.0	123691132.0	2308850.0	3133120.0	10.13
TCGA-AB-2910.PrimaryBloodDerivedCancer-PeripheralBlood.RNA.f32.Dupl_flagstats	141350225.0	2869556.0	22261926.0	18399198.0	18009991.0	61094295.0	9199599.0	61094295.0	0.0	20706063.0	95.83	1993815.0	0.0	1.63	58.18	97.85	0.0	7801146.0	12045854.0	144450516.0	7801146.0	165156579.0	0.0	42.4	0.0	117094484.0	9199599.0	0.0	117094484.0	122188590.0	1937843.0	2306865.0	10.53
TCGA-AB-2911.PrimaryBloodDerivedCancer-PeripheralBlood.RNA.923.Dupl_flagstats	152872753.0	11564801.0	32176141.0	37144538.0	56485443.0	65929466.0	18572269.0	65929466.0	0.0	42661926.0	88.58	3890464.0	0.0	2.95	53.56	93.2	0.0	13039770.0	22848067.0	164035073.0	13039770.0	206696999.0	0.0	35.11	0.0	116806148.0	18572269.0	0.0	116806148.0	131858932.0	4290909.0	5517388.0	11.55
TCGA-AB-2912.PrimaryBloodDerivedCancer-PeripheralBlood.RNA.ea0.Dupl_flagstats	153258505.0	12718347.0	33794537.0	52638894.0	39210897.0	67190306.0	26319447.0	67190306.0	0.0	61510055.0	86.33	3454720.0	0.0	2.57	53.26	91.13	0.0	18162636.0	32763297.0	168175149.0	18162636.0	229685204.0	0.0	34.5	0.0	116009248.0	26319447.0	0.0	116009248.0	134380612.0	5729500.0	8871161.0	10.88
TCGA-AB-2913.PrimaryBloodDerivedCancer-PeripheralBlood.RNA.fa9.1.Dupl_flagstats	145445638.0	6058069.0	31885627.0	30984704.0	30143926.0	60933768.0	15492352.0	60933768.0	0.0	36196319.0	90.55	3207685.0	0.0	2.63	54.68	94.6	0.0	11080682.0	19791960.0	153753163.0	11080682.0	189949482.0	0.0	35.76	0.0	110352326.0	15492352.0	0.0	110352326.0	121867536.0	3499663.0	5211615.0	11.29
TCGA-AB-2914.PrimaryBloodDerivedCancer-PeripheralBlood.RNA.e58.Dupl_flagstats	155127853.0	10379527.0	33903157.0	36332848.0	41532264.0	65250215.0	18166424.0	65250215.0	0.0	43127754.0	90.45	3185756.0	0.0	2.44	60.51	94.36	0.0	14630182.0	26095761.0	164403587.0	14630182.0	207531341.0	0.0	40.27	0.0	118038940.0	18166424.0	0.0	118038940.0	130500430.0	4670673.0	6794906.0	12.86
TCGA-AB-2915.PrimaryBloodDerivedCancer-PeripheralBlood.RNA.e4e.1.Dupl_flagstats	135076063.0	2151915.0	21127723.0	16877670.0	13548074.0	58635610.0	8438835.0	58635610.0	0.0	18946479.0	95.35	2126768.0	0.0	1.81	56.69	97.6	0.0	6881620.0	10740959.0	138398943.0	6881620.0	157345422.0	0.0	40.77	0.0	111821572.0	8438835.0	0.0	111821572.0	117271220.0	1790530.0	2068809.0	10.61
TCGA-AB-2916.PrimaryBloodDerivedCancer-PeripheralBlood.RNA.0e1.Dupl_flagstats	141478793.0	9558844.0	27582052.0	42556608.0	28705685.0	63175154.0	21278304.0	63175154.0	0.0	50385310.0	87.66	3131935.0	0.0	2.48	58.93	91.91	0.0	16485074.0	29691049.0	153932360.0	16485074.0	204317670.0	0.0	38.74	0.0	110764806.0	21278304.0	0.0	110764806.0	126350308.0	5377273.0	7828702.0	12.64
TCGA-AB-2917.PrimaryBloodDerivedCancer-PeripheralBlood.RNA.3c1.Dupl_flagstats	142485910.0	13852583.0	27014892.0	70597568.0	26686429.0	60464366.0	35298784.0	60464366.0	0.0	79262540.0	93.15	2820344.0	0.0	2.33	53.04	96.31	0.0	25474032.0	42039947.0	147943624.0	25474032.0	227206164.0	0.0	36.08	0.0	112650674.0	35298784.0	0.0	112650674.0	120928732.0	7900943.0	8664972.0	11.19
TCGA-AB-2918.PrimaryBloodDerivedCancer-PeripheralBlood.RNA.3bd.Dupl_flagstats	146352200.0	2503765.0	23983576.0	16186682.0	17698374.0	63629571.0	8093341.0	63629571.0	0.0	18567895.0	94.55	2043342.0	0.0	1.61	63.22	96.77	0.0	7443782.0	11738847.0	151242718.0	7443782.0	169810613.0	0.0	45.99	0.0	120325282.0	8093341.0	0.0	120325282.0	127259142.0	1913852.0	2381213.0	11.82
TCGA-AB-2919.PrimaryBloodDerivedCancer-PeripheralBlood.RNA.027.Dupl_flagstats	141893706.0	2249082.0	22416063.0	17827264.0	11675928.0	61176646.0	8913632.0	61176646.0	0.0	20360293.0	96.2	1772855.0	0.0	1.45	64.7	98.01	0.0	8612748.0	13173845.0	144769355.0	8612748.0	165129648.0	0.0	48.31	0.0	117704788.0	8913632.0	0.0	117704788.0	122353292.0	2028068.0	2533029.0	11.38
TCGA-AB-2920.PrimaryBloodDerivedCancer-PeripheralBlood.RNA.090.1.Dupl_flagstats	187672126.0	4100773.0	49625149.0	23286128.0	34225054.0	74948039.0	11643064.0	74948039.0	0.0	27405124.0	90.4	2534163.0	0.0	1.69	53.64	94.06	0.0	8526546.0	14701332.0	199521227.0	8526546.0	226926351.0	0.0	36.62	0.0	135512814.0	11643064.0	0.0	135512814.0	149896078.0	2055790.0	4118996.0	8.83
TCGA-AB-2921.PrimaryBloodDerivedCancer-PeripheralBlood.RNA.53e.1.Dupl_flagstats	156297992.0	4028386.0	24610852.0	22989498.0	20893422.0	67527479.0	11494749.0	67527479.0	0.0	26225807.0	96.1	1898368.0	0.0	1.41	63.12	97.89	0.0	10658928.0	16553262.0	159665810.0	10658928.0	185891617.0	0.0	46.36	0.0	129788772.0	11494749.0	0.0	129788772.0	135054958.0	2658025.0	3236309.0	11.56
TCGA-AB-2924.PrimaryBloodDerivedCancer-PeripheralBlood.RNA.fcb.Dupl_flagstats	146473925.0	2816712.0	22797521.0	19593486.0	15278606.0	63259485.0	9796743.0	63259485.0	0.0	22209009.0	96.21	1955346.0	0.0	1.55	62.69	98.1	0.0	9027786.0	13923866.0	149316491.0	9027786.0	171525500.0	0.0	46.08	0.0	121721058.0	9796743.0	0.0	121721058.0	126518970.0	2280557.0	2615523.0	11.64
TCGA-AB-2925.PrimaryBloodDerivedCancer-PeripheralBlood.RNA.15f.Dupl_flagstats	146556386.0	2672039.0	31944779.0	17200760.0	18613475.0	61525516.0	8600380.0	61525516.0	0.0	20204911.0	91.23	2352601.0	0.0	1.91	61.11	94.56	0.0	7409632.0	12346783.0	154995811.0	7409632.0	175200722.0	0.0	43.08	0.0	112259006.0	8600380.0	0.0	112259006.0	123051032.0	1933000.0	3004151.0	11.24
TCGA-AB-2927.PrimaryBloodDerivedCancer-PeripheralBlood.RNA.a0a.Dupl_flagstats	147952905.0	2823256.0	23749947.0	20199010.0	17588519.0	64477990.0	10099505.0	64477990.0	0.0	22784489.0	94.27	2636146.0	0.0	2.04	58.07	96.89	0.0	8388740.0	13230554.0	152705927.0	8388740.0	175490416.0	0.0	41.53	0.0	121566812.0	10099505.0	0.0	121566812.0	128955980.0	2256335.0	2585479.0	11.17
TCGA-AB-2928.PrimaryBloodDerivedCancer-PeripheralBlood.RNA.55f.Dupl_flagstats	140598722.0	1820118.0	19613205.0	16723814.0	9095132.0	61755525.0	8361907.0	61755525.0	0.0	18830902.0	96.57	1715807.0	0.0	1.39	63.0	98.24	0.0	7886574.0	11863737.0	143124255.0	7886574.0	161955157.0	0.0	47.16	0.0	119269710.0	8361907.0	0.0	119269710.0	123511050.0	1870075.0	2107088.0	11.18
TCGA-AB-2929.PrimaryBloodDerivedCancer-PeripheralBlood.RNA.a1a.Dupl_flagstats	149693602.0	2304613.0	26422392.0	22270874.0	11218780.0	63792728.0	11135437.0	63792728.0	0.0	25465496.0	94.68	2472986.0	0.0	1.94	55.84	97.2	0.0	8705380.0	14221001.0	154007848.0	8705380.0	179473344.0	0.0	39.09	0.0	120798224.0	11135437.0	0.0	120798224.0	127585456.0	2320999.0	3194622.0	10.42
TCGA-AB-2930.PrimaryBloodDerivedCancer-PeripheralBlood.RNA.ab1.2.Dupl_flagstats	151455843.0	3084166.0	23630202.0	20974970.0	15611826.0	65173314.0	10487485.0	65173314.0	0.0	23920518.0	96.68	1808905.0	0.0	1.39	63.53	98.36	0.0	9795536.0	15196911.0	153976830.0	9795536.0	177897348.0	0.0	46.7	0.0	126016736.0	10487485.0	0.0	126016736.0	130346628.0	2455827.0	2945548.0	11.71
TCGA-AB-2932.PrimaryBloodDerivedCancer-PeripheralBlood.RNA.7b7.Dupl_flagstats	141186166.0	2692518.0	21250552.0	18333378.0	16424124.0	61603768.0	9166689.0	61603768.0	0.0	20547818.0	95.61	2142128.0	0.0	1.74	57.44	97.74	0.0	7658614.0	11801831.0	144458088.0	7658614.0	165005906.0	0.0	41.77	0.0	117793486.0	9166689.0	0.0	117793486.0	123207536.0	1928777.0	2214440.0	10.52
TCGA-AB-2933.PrimaryBloodDerivedCancer-PeripheralBlood.RNA.01f.Dupl_flagstats	158631314.0	10234413.0	34260201.0	36452290.0	42180039.0	66553020.0	18226145.0	66553020.0	0.0	42711381.0	91.0	3245795.0	0.0	2.44	59.15	94.78	0.0	14205176.0	25264614.0	167366241.0	14205176.0	210077622.0	0.0	38.97	0.0	121125318.0	18226145.0	0.0	121125318.0	133106040.0	4800347.0	6259091.0	13.17
TCGA-AB-2934.PrimaryBloodDerivedCancer-PeripheralBlood.RNA.7ab.Dupl_flagstats	135723667.0	3280976.0	25501653.0	18665624.0	25474160.0	57359872.0	9332812.0	57359872.0	0.0	21106985.0	94.06	2319204.0	0.0	2.02	51.15	96.79	0.0	6595394.0	10797271.0	140221397.0	6595394.0	161328382.0	0.0	35.33	0.0	107902810.0	9332812.0	0.0	107902810.0	114719744.0	1760516.0	2441361.0	9.43
TCGA-AB-2935.PrimaryBloodDerivedCancer-PeripheralBlood.RNA.e92.Dupl_flagstats	149094442.0	2563552.0	35137404.0	18320362.0	17612858.0	59563105.0	9160181.0	59563105.0	0.0	21492613.0	93.5	2576960.0	0.0	2.16	58.58	96.65	0.0	7531624.0	12590883.0	154263614.0	7531624.0	175756227.0	0.0	41.11	0.0	111380078.0	9160181.0	0.0	111380078.0	119126210.0	1887008.0	3172251.0	10.3
TCGA-AB-2936.PrimaryBloodDerivedCancer-PeripheralBlood.RNA.7ad.1.Dupl_flagstats	146427241.0	2686129.0	22897522.0	17696494.0	16113496.0	63071456.0	8848247.0	63071456.0	0.0	20061527.0	96.49	1813677.0	0.0	1.44	63.42	98.25	0.0	8378872.0	12723987.0	149040434.0	8378872.0	169101961.0	0.0	47.35	0.0	121716042.0	8848247.0	0.0	121716042.0	126142912.0	1980082.0	2365033.0	11.19
TCGA-AB-2937.PrimaryBloodDerivedCancer-PeripheralBlood.RNA.c46.Dupl_flagstats	154013531.0	9654800.0	41490716.0	31236780.0	51349007.0	65382280.0	15618390.0	65382280.0	0.0	39160624.0	83.5	3337363.0	0.0	2.55	59.49	89.41	0.0	11870294.0	23298322.0	172255276.0	11870294.0	211415900.0	0.0	38.0	0.0	109185452.0	15618390.0	0.0	109185452.0	130764560.0	3504184.0	7923844.0	11.22
TCGA-AB-2938.PrimaryBloodDerivedCancer-PeripheralBlood.RNA.f38.Dupl_flagstats	151336758.0	3700050.0	29927890.0	28218896.0	14981230.0	63007552.0	14109448.0	63007552.0	0.0	32700632.0	94.5	2320752.0	0.0	1.84	60.14	97.05	0.0	11913852.0	19666077.0	155942994.0	11913852.0	188643626.0	0.0	42.22	0.0	119088116.0	14109448.0	0.0	119088116.0	126015104.0	3270489.0	4481736.0	11.59
TCGA-AB-2939.PrimaryBloodDerivedCancer-PeripheralBlood.RNA.bfe.Dupl_flagstats	145413208.0	2051520.0	26440722.0	16939870.0	13107547.0	61067289.0	8469935.0	61067289.0	0.0	19378377.0	95.81	1959206.0	0.0	1.6	57.77	97.87	0.0	7013642.0	11195398.0	148575300.0	7013642.0	167953677.0	0.0	41.4	0.0	117013280.0	8469935.0	0.0	117013280.0	122134578.0	1743249.0	2438507.0	10.29
TCGA-AB-2940.PrimaryBloodDerivedCancer-PeripheralBlood.RNA.ade.Dupl_flagstats	144161990.0	2065763.0	29390501.0	16288682.0	14375651.0	65406934.0	8144341.0	65406934.0	0.0	19275268.0	84.5	4228581.0	0.0	3.23	61.78	89.99	0.0	6845672.0	11907375.0	160204369.0	6845672.0	179479637.0	0.0	42.03	0.0	110542908.0	8144341.0	0.0	110542908.0	130813868.0	2075117.0	2986586.0	12.74
TCGA-AB-2941.PrimaryBloodDerivedCancer-PeripheralBlood.RNA.f24.Dupl_flagstats	151865693.0	4328377.0	21458914.0	33694520.0	16462203.0	67788537.0	16847260.0	67788537.0	0.0	37608446.0	94.22	2659609.0	0.0	1.96	56.02	96.71	0.0	13424466.0	21067754.0	157035988.0	13424466.0	194644434.0	0.0	39.84	0.0	127747170.0	16847260.0	0.0	127747170.0	135577074.0	3729362.0	3913926.0	11.07
TCGA-AB-2942.PrimaryBloodDerivedCancer-PeripheralBlood.RNA.286.1.Dupl_flagstats	149078541.0	7894779.0	35289953.0	20876736.0	57767570.0	62442047.0	10438368.0	62442047.0	0.0	24875583.0	87.96	3941934.0	0.0	3.16	61.44	93.07	0.0	8422650.0	15283608.0	160174047.0	8422650.0	185049630.0	0.0	40.34	0.0	109846654.0	10438368.0	0.0	109846654.0	124884094.0	2862111.0	3998847.0	13.71
TCGA-AB-2943.PrimaryBloodDerivedCancer-PeripheralBlood.RNA.c12.Dupl_flagstats	158183602.0	5130399.0	33714074.0	23216834.0	30291307.0	64379773.0	11608417.0	64379773.0	0.0	27335344.0	94.91	2264356.0	0.0	1.76	62.65	97.36	0.0	10263286.0	17125008.0	162473620.0	10263286.0	189808964.0	0.0	44.21	0.0	122205172.0	11608417.0	0.0	122205172.0	128759546.0	2743212.0	4118510.0	11.82
TCGA-AB-2944.PrimaryBloodDerivedCancer-PeripheralBlood.RNA.eca.1.Dupl_flagstats	145230941.0	1970629.0	28424687.0	19219144.0	12993865.0	60692885.0	9609572.0	60692885.0	0.0	21923882.0	94.61	1968322.0	0.0	1.62	50.43	96.94	0.0	6630324.0	11055486.0	149810457.0	6630324.0	171734339.0	0.0	34.5	0.0	114837932.0	9609572.0	0.0	114837932.0	121385770.0	1720424.0	2704738.0	8.95
TCGA-AB-2946.PrimaryBloodDerivedCancer-PeripheralBlood.RNA.6af.Dupl_flagstats	149795435.0	2708660.0	31089517.0	19703534.0	20465019.0	61233207.0	9851767.0	61233207.0	0.0	22592048.0	95.28	2014546.0	0.0	1.64	50.44	97.55	0.0	6765280.0	11395973.0	153555931.0	6765280.0	176147979.0	0.0	34.34	0.0	116691372.0	9851767.0	0.0	116691372.0	122466414.0	1742179.0	2888514.0	8.84
TCGA-AB-2948.PrimaryBloodDerivedCancer-PeripheralBlood.RNA.88b.Dupl_flagstats	152736485.0	4012178.0	22015489.0	28046260.0	18643505.0	67292903.0	14023130.0	67292903.0	0.0	31313124.0	95.23	2557374.0	0.0	1.9	55.83	97.53	0.0	11193608.0	17480631.0	156601295.0	11193608.0	187914419.0	0.0	39.91	0.0	128163622.0	14023130.0	0.0	128163622.0	134585806.0	3020159.0	3266864.0	10.77
TCGA-AB-2949.PrimaryBloodDerivedCancer-PeripheralBlood.RNA.64f.1.Dupl_flagstats	152367986.0	5290539.0	28321782.0	40491838.0	17751645.0	64510732.0	20245919.0	64510732.0	0.0	45657154.0	94.18	2527912.0	0.0	1.96	52.08	96.84	0.0	14631678.0	23779236.0	157343246.0	14631678.0	203000400.0	0.0	36.13	0.0	121518292.0	20245919.0	0.0	121518292.0	129021464.0	3982242.0	5165316.0	9.83
TCGA-AB-2950.PrimaryBloodDerivedCancer-PeripheralBlood.RNA.f55.Dupl_flagstats	151844756.0	2822071.0	31699689.0	21212824.0	15581789.0	63924774.0	10606412.0	63924774.0	0.0	24852824.0	91.57	3073921.0	0.0	2.4	62.92	95.17	0.0	9430374.0	15638214.0	159549237.0	9430374.0	184402061.0	0.0	44.46	0.0	117071146.0	10606412.0	0.0	117071146.0	127849548.0	2567840.0	3640000.0	12.11
TCGA-AB-2952.PrimaryBloodDerivedCancer-PeripheralBlood.RNA.65c.2.Dupl_flagstats	149700087.0	3469925.0	45214712.0	13317938.0	33907220.0	55514347.0	6658969.0	55514347.0	0.0	16637411.0	92.41	1887801.0	0.0	1.7	63.94	95.81	0.0	6079640.0	10637560.0	156243406.0	6079640.0	172880817.0	0.0	45.65	0.0	102597574.0	6658969.0	0.0	102597574.0	111028694.0	1238447.0	3319473.0	9.3
TCGA-AB-2955.PrimaryBloodDerivedCancer-PeripheralBlood.RNA.478.Dupl_flagstats	153432223.0	8294002.0	33146220.0	45742510.0	24178516.0	63843724.0	22871255.0	63843724.0	0.0	53167153.0	92.02	2794177.0	0.0	2.19	58.32	95.4	0.0	17786786.0	31005547.0	160833668.0	17786786.0	214000821.0	0.0	38.88	0.0	117491826.0	22871255.0	0.0	117491826.0	127687448.0	5794118.0	7424643.0	12.67
TCGA-AB-2956.PrimaryBloodDerivedCancer-PeripheralBlood.RNA.1e0.Dupl_flagstats	132559050.0	2411215.0	21592206.0	23130066.0	12189747.0	56971145.0	11565033.0	56971145.0	0.0	25716375.0	95.63	2007698.0	0.0	1.76	48.75	97.8	0.0	7806666.0	12536902.0	135534496.0	7806666.0	161250871.0	0.0	33.75	0.0	108959146.0	11565033.0	0.0	108959146.0	113942290.0	2143927.0	2586309.0	9.27
TCGA-AB-2959.PrimaryBloodDerivedCancer-PeripheralBlood.RNA.855.1.Dupl_flagstats	157897846.0	13138474.0	30331191.0	49411026.0	42608285.0	68412447.0	24705513.0	68412447.0	0.0	56231227.0	90.96	3106261.0	0.0	2.27	54.74	94.46	0.0	18458924.0	30781182.0	167156085.0	18458924.0	223387312.0	0.0	37.36	0.0	124460394.0	24705513.0	0.0	124460394.0	136824894.0	5502057.0	6820201.0	11.14
TCGA-AB-2963.PrimaryBloodDerivedCancer-PeripheralBlood.RNA.772.Dupl_flagstats	159756977.0	13389179.0	35869264.0	46091584.0	42457031.0	66748337.0	23045792.0	66748337.0	0.0	54526993.0	90.56	2987501.0	0.0	2.24	60.77	94.33	0.0	19078612.0	33134309.0	169365938.0	19078612.0	223892931.0	0.0	41.39	0.0	120900212.0	23045792.0	0.0	120900212.0	133496674.0	5620288.0	8435409.0	12.19
TCGA-AB-2965.PrimaryBloodDerivedCancer-PeripheralBlood.RNA.58b.Dupl_flagstats	143451905.0	20153138.0	27108381.0	68984250.0	46045376.0	62311370.0	34492125.0	62311370.0	0.0	77610219.0	90.1	4060400.0	0.0	3.26	53.35	94.54	0.0	24602052.0	41404804.0	151731121.0	24602052.0	229341340.0	0.0	35.66	0.0	112283124.0	34492125.0	0.0	112283124.0	124622740.0	8176783.0	8625969.0	11.85
TCGA-AB-2966.PrimaryBloodDerivedCancer-PeripheralBlood.RNA.e1e.Dupl_flagstats	164093506.0	8580911.0	38231203.0	25533846.0	55660575.0	67391499.0	12766923.0	67391499.0	0.0	30550583.0	90.16	4343793.0	0.0	3.22	61.18	94.84	0.0	10145244.0	18691769.0	173014201.0	10145244.0	203564784.0	0.0	39.73	0.0	121518510.0	12766923.0	0.0	121518510.0	134782998.0	3529788.0	5016737.0	13.82
TCGA-AB-2970.PrimaryBloodDerivedCancer-PeripheralBlood.RNA.5d0.Dupl_flagstats	158512127.0	10931097.0	32225792.0	41340726.0	43537430.0	66859792.0	20670363.0	66859792.0	0.0	47791962.0	91.62	3766045.0	0.0	2.82	55.37	95.52	0.0	15083718.0	26462883.0	165945376.0	15083718.0	213737338.0	0.0	36.49	0.0	122520290.0	20670363.0	0.0	122520290.0	133719584.0	4927929.0	6451236.0	11.92
TCGA-AB-2971.PrimaryBloodDerivedCancer-PeripheralBlood.RNA.74d.Dupl_flagstats	153282783.0	7442770.0	32098143.0	39189776.0	27570623.0	65249824.0	19594888.0	65249824.0	0.0	44856384.0	90.23	3434070.0	0.0	2.63	54.41	94.27	0.0	14288800.0	24407901.0	162597791.0	14288800.0	207454175.0	0.0	36.46	0.0	117750570.0	19594888.0	0.0	117750570.0	130499648.0	4452493.0	5666608.0	11.36
TCGA-AB-2973.PrimaryBloodDerivedCancer-PeripheralBlood.RNA.506.Dupl_flagstats	149903086.0	11960551.0	31489056.0	41377720.0	49808558.0	64137855.0	20688860.0	64137855.0	0.0	47286770.0	89.03	4205732.0	0.0	3.28	53.26	93.83	0.0	14166192.0	25184811.0	159764766.0	14166192.0	207051536.0	0.0	34.24	0.0	114208298.0	20688860.0	0.0	114208298.0	128275710.0	5109569.0	5909050.0	12.35
TCGA-AB-2975.PrimaryBloodDerivedCancer-PeripheralBlood.RNA.775.2.Dupl_flagstats	149336857.0	12117256.0	32662623.0	49354644.0	34376040.0	63607091.0	24677322.0	63607091.0	0.0	57524549.0	89.16	3246016.0	0.0	2.55	57.2	93.41	0.0	18553058.0	32905790.0	159876805.0	18553058.0	217401354.0	0.0	37.59	0.0	113428218.0	24677322.0	0.0	113428218.0	127214182.0	6182827.0	8169905.0	12.53
TCGA-AB-2976.PrimaryBloodDerivedCancer-PeripheralBlood.RNA.e76.Dupl_flagstats	164853677.0	12664199.0	38669688.0	41545998.0	47853333.0	67385257.0	20772999.0	67385257.0	0.0	49226113.0	91.42	2980261.0	0.0	2.21	59.91	95.05	0.0	16554800.0	29490808.0	173440202.0	16554800.0	222666315.0	0.0	39.85	0.0	123203728.0	20772999.0	0.0	123203728.0	134770514.0	5255893.0	7680115.0	12.65
TCGA-AB-2977.PrimaryBloodDerivedCancer-PeripheralBlood.RNA.6e1.Dupl_flagstats	127338468.0	7236114.0	33577451.0	33471796.0	49926549.0	75023106.0	16735898.0	75023106.0	0.0	38272671.0	61.31	1761735.0	0.0	1.17	40.0	69.35	0.0	8396520.0	15309902.0	183623663.0	8396520.0	221896334.0	0.0	25.09	0.0	91999282.0	16735898.0	0.0	91999282.0	150046212.0	2112507.0	4800875.0	6.31
TCGA-AB-2979.PrimaryBloodDerivedCancer-PeripheralBlood.RNA.aa5.Dupl_flagstats	158588218.0	2443399.0	40826169.0	16188290.0	25817784.0	63771287.0	8094145.0	63771287.0	0.0	18873225.0	90.9	1825971.0	0.0	1.43	51.77	94.19	0.0	5755074.0	9769739.0	168368743.0	5755074.0	187241968.0	0.0	35.55	0.0	115936078.0	8094145.0	0.0	115936078.0	127542574.0	1329730.0	2684935.0	8.21
TCGA-AB-2980.PrimaryBloodDerivedCancer-PeripheralBlood.RNA.829.Dupl_flagstats	157258600.0	13865286.0	35182401.0	47056524.0	45224115.0	64864079.0	23528262.0	64864079.0	0.0	54917374.0	90.71	4405883.0	0.0	3.4	58.19	95.36	0.0	17672636.0	31954533.0	164910559.0	17672636.0	219827933.0	0.0	37.56	0.0	117670316.0	23528262.0	0.0	117670316.0	129728158.0	6421047.0	7860850.0	13.65
TCGA-AB-2981.PrimaryBloodDerivedCancer-PeripheralBlood.RNA.c0b.Dupl_flagstats	150471864.0	3654259.0	25879656.0	23803462.0	16767004.0	64613606.0	11901731.0	64613606.0	0.0	27165113.0	94.52	2448366.0	0.0	1.89	60.48	97.01	0.0	10231236.0	16428639.0	155106868.0	10231236.0	182271981.0	0.0	42.98	0.0	122143842.0	11901731.0	0.0	122143842.0	129227212.0	2835752.0	3361651.0	11.91
TCGA-AB-2982.PrimaryBloodDerivedCancer-PeripheralBlood.RNA.496.Dupl_flagstats	92347750.0	2260532.0	18014851.0	26043370.0	9906204.0	62386641.0	13021685.0	62386641.0	0.0	28698224.0	58.3	1595013.0	0.0	1.28	40.17	64.67	0.0	7015376.0	11528680.0	142788133.0	7015376.0	171486357.0	0.0	26.94	0.0	72737886.0	13021685.0	0.0	72737886.0	124773282.0	1858450.0	2654854.0	7.14
TCGA-AB-2983.PrimaryBloodDerivedCancer-PeripheralBlood.RNA.4c4.Dupl_flagstats	160627029.0	6699893.0	34492621.0	31679700.0	28469209.0	66924072.0	15839850.0	66924072.0	0.0	37123495.0	91.87	3174736.0	0.0	2.37	61.42	95.42	0.0	13643518.0	22799586.0	168340765.0	13643518.0	205464260.0	0.0	43.07	0.0	122959672.0	15839850.0	0.0	122959672.0	133848144.0	3712273.0	5443795.0	11.72
TCGA-AB-2984.PrimaryBloodDerivedCancer-PeripheralBlood.RNA.2bf.1.Dupl_flagstats	140087025.0	10434601.0	37608905.0	36470476.0	46355973.0	65972046.0	18235238.0	65972046.0	0.0	47076003.0	75.31	3110688.0	0.0	2.36	57.69	82.62	0.0	12833044.0	27157740.0	169552997.0	12833044.0	216629000.0	0.0	35.19	0.0	99367432.0	18235238.0	0.0	99367432.0	131944092.0	3719169.0	10605527.0	10.2
TCGA-AB-2986.PrimaryBloodDerivedCancer-PeripheralBlood.RNA.bb8.Dupl_flagstats	150981030.0	10784705.0	48608905.0	26725706.0	75519526.0	57775740.0	13362853.0	57775740.0	0.0	33687982.0	84.39	4862669.0	0.0	4.21	60.62	91.97	0.0	9116784.0	20421672.0	164160385.0	9116784.0	197848367.0	0.0	34.11	0.0	97509456.0	13362853.0	0.0	97509456.0	115551480.0	4342612.0	6962276.0	16.25
TCGA-AB-2987.PrimaryBloodDerivedCancer-PeripheralBlood.RNA.e69.Dupl_flagstats	152688894.0	10573304.0	36635271.0	32590860.0	51294329.0	64390220.0	16295430.0	64390220.0	0.0	38792272.0	86.86	4196143.0	0.0	3.26	58.08	92.31	0.0	12306262.0	22530981.0	165415711.0	12306262.0	204207983.0	0.0	37.76	0.0	111857480.0	16295430.0	0.0	111857480.0	128780440.0	4023307.0	6201412.0	12.34
TCGA-AB-2988.PrimaryBloodDerivedCancer-PeripheralBlood.RNA.faf.Dupl_flagstats	122012068.0	3114576.0	23662429.0	31045714.0	11245730.0	63686789.0	15522857.0	63686789.0	0.0	35043308.0	75.66	1973871.0	0.0	1.55	49.59	80.78	0.0	10605028.0	17378762.0	151036007.0	10605028.0	186079315.0	0.0	34.16	0.0	96375768.0	15522857.0	0.0	96375768.0	127373578.0	2776140.0	3997594.0	8.94
TCGA-AB-2990.PrimaryBloodDerivedCancer-PeripheralBlood.RNA.7b4.Dupl_flagstats	151979251.0	5570085.0	31388687.0	34006474.0	26900202.0	62716641.0	17003237.0	62716641.0	0.0	38681975.0	93.96	2735188.0	0.0	2.18	51.78	96.91	0.0	11988932.0	20029092.0	156821969.0	11988932.0	195503944.0	0.0	35.25	0.0	117855376.0	17003237.0	0.0	117855376.0	125433282.0	3364659.0	4675501.0	9.89
TCGA-AB-2991.PrimaryBloodDerivedCancer-PeripheralBlood.RNA.439.Dupl_flagstats	137460271.0	1868669.0	30656102.0	15009222.0	13560974.0	59216486.0	7504611.0	59216486.0	0.0	17686949.0	87.83	2782705.0	0.0	2.35	60.04	92.2	0.0	6188608.0	10618727.0	149089074.0	6188608.0	166776023.0	0.0	41.23	0.0	104021464.0	7504611.0	0.0	104021464.0	118432972.0	1752392.0	2677727.0	11.68
TCGA-AB-2992.PrimaryBloodDerivedCancer-PeripheralBlood.RNA.e4b.Dupl_flagstats	144624985.0	2258899.0	31612616.0	19808638.0	12601839.0	61065097.0	9904319.0	61065097.0	0.0	23321155.0	90.04	3041577.0	0.0	2.49	60.31	94.07	0.0	8209586.0	14065966.0	153742810.0	8209586.0	177063965.0	0.0	41.44	0.0	109970792.0	9904319.0	0.0	109970792.0	122130194.0	2343863.0	3512517.0	11.83
TCGA-AB-2994.PrimaryBloodDerivedCancer-PeripheralBlood.RNA.3a6.Dupl_flagstats	134089918.0	1356387.0	23619655.0	14044068.0	8417383.0	59252219.0	7022034.0	59252219.0	0.0	16078516.0	90.89	2765031.0	0.0	2.33	60.25	94.35	0.0	5932308.0	9686580.0	142124093.0	5932308.0	158202609.0	0.0	42.24	0.0	107705232.0	7022034.0	0.0	107705232.0	118504438.0	1719824.0	2034448.0	12.25
TCGA-AB-2995.PrimaryBloodDerivedCancer-PeripheralBlood.RNA.4fd.Dupl_flagstats	157360882.0	2152193.0	32332470.0	20459040.0	11520907.0	65833202.0	10229520.0	65833202.0	0.0	23891207.0	92.95	2650788.0	0.0	2.01	62.23	95.95	0.0	8945768.0	14868006.0	163998874.0	8945768.0	187890081.0	0.0	43.73	0.0	122377624.0	10229520.0	0.0	122377624.0	131666404.0	2490071.0	3432167.0	12.17
TCGA-AB-2996.PrimaryBloodDerivedCancer-PeripheralBlood.RNA.65e.Dupl_flagstats	145972401.0	2308104.0	31687154.0	20687192.0	12191962.0	61006360.0	10343596.0	61006360.0	0.0	24349933.0	91.15	3074577.0	0.0	2.52	60.61	94.97	0.0	8664430.0	14757823.0	153699874.0	8664430.0	178049807.0	0.0	41.88	0.0	111210670.0	10343596.0	0.0	111210670.0	122012720.0	2430652.0	3662741.0	11.75
TCGA-AB-2998.PrimaryBloodDerivedCancer-PeripheralBlood.RNA.02e.Dupl_flagstats	130138469.0	3386322.0	24356979.0	33423164.0	8938897.0	55821565.0	16711582.0	55821565.0	0.0	38433369.0	92.1	2960196.0	0.0	2.65	56.34	95.69	0.0	12820728.0	21653555.0	136000109.0	12820728.0	174433478.0	0.0	38.36	0.0	102821294.0	16711582.0	0.0	102821294.0	111643130.0	3822622.0	5010205.0	11.44
TCGA-AB-2999.PrimaryBloodDerivedCancer-PeripheralBlood.RNA.e3b.Dupl_flagstats	157848569.0	8276360.0	34675071.0	25197286.0	53067031.0	64919277.0	12598643.0	64919277.0	0.0	29690927.0	92.07	3626026.0	0.0	2.79	59.58	95.95	0.0	10070404.0	17689804.0	164513625.0	10070404.0	194204552.0	0.0	39.97	0.0	119547472.0	12598643.0	0.0	119547472.0	129838554.0	3125759.0	4493641.0	12.41
TCGA-AB-3000.PrimaryBloodDerivedCancer-PeripheralBlood.RNA.9b2.Dupl_flagstats	146804923.0	1756262.0	35985616.0	14417178.0	14235141.0	61456028.0	7208589.0	61456028.0	0.0	17248654.0	87.87	2820633.0	0.0	2.29	61.64	92.39	0.0	6045990.0	10631513.0	158897672.0	6045990.0	176146326.0	0.0	41.94	0.0	107998674.0	7208589.0	0.0	107998674.0	122912056.0	1754047.0	2831476.0	12.17
TCGA-AB-3001.PrimaryBloodDerivedCancer-PeripheralBlood.RNA.5f3.Dupl_flagstats	128944314.0	1575133.0	28285383.0	15177870.0	9906344.0	60745837.0	7588935.0	60745837.0	0.0	17923306.0	81.01	2240935.0	0.0	1.84	57.38	86.09	0.0	5940426.0	10283638.0	149777057.0	5940426.0	167700363.0	0.0	39.14	0.0	98417996.0	7588935.0	0.0	98417996.0	121491674.0	1597776.0	2745436.0	10.53
TCGA-AB-3002.PrimaryBloodDerivedCancer-PeripheralBlood.RNA.d7a.1.Dupl_flagstats	137072122.0	2937177.0	32125366.0	26976888.0	10760868.0	57763779.0	13488444.0	57763779.0	0.0	32408677.0	89.02	2106812.0	0.0	1.82	64.13	92.83	0.0	12615216.0	20783262.0	147652924.0	12615216.0	180061601.0	0.0	46.76	0.0	102839944.0	13488444.0	0.0	102839944.0	115527558.0	2736257.0	5431789.0	10.14
TCGA-AB-3007.PrimaryBloodDerivedCancer-PeripheralBlood.RNA.396.Dupl_flagstats	157798302.0	2338782.0	35049593.0	18297694.0	15440552.0	66175261.0	9148847.0	66175261.0	0.0	21840006.0	90.23	3334327.0	0.0	2.52	62.89	94.26	0.0	7883010.0	13735334.0	167400115.0	7883010.0	189240121.0	0.0	43.08	0.0	119414382.0	9148847.0	0.0	119414382.0	132350522.0	2310012.0	3542312.0	12.62
TCGA-AB-3008.PrimaryBloodDerivedCancer-PeripheralBlood.RNA.c54.Dupl_flagstats	149789462.0	2758174.0	32047810.0	23702316.0	13506600.0	63015274.0	11851158.0	63015274.0	0.0	27582077.0	91.53	2384152.0	0.0	1.89	55.97	94.76	0.0	9076368.0	15436939.0	158078358.0	9076368.0	185660435.0	0.0	38.29	0.0	115357500.0	11851158.0	0.0	115357500.0	126030548.0	2480810.0	3879761.0	10.47
TCGA-AB-3009.PrimaryBloodDerivedCancer-PeripheralBlood.RNA.9c9.Dupl_flagstats	132997502.0	2010179.0	24857011.0	21241186.0	9310612.0	58770192.0	10620593.0	58770192.0	0.0	24132519.0	88.86	3688551.0	0.0	3.14	54.78	93.4	0.0	8046360.0	13220795.0	142397395.0	8046360.0	166529914.0	0.0	37.88	0.0	104451940.0	10620593.0	0.0	104451940.0	117540384.0	2283102.0	2891333.0	10.75
TCGA-AB-3011.PrimaryBloodDerivedCancer-PeripheralBlood.RNA.5ad.Dupl_flagstats	135325481.0	1478435.0	26649176.0	20303142.0	6294547.0	57858819.0	10151571.0	57858819.0	0.0	23307433.0	91.8	2452209.0	0.0	2.12	55.58	95.05	0.0	7772704.0	12954152.0	142366814.0	7772704.0	165674247.0	0.0	38.28	0.0	106224096.0	10151571.0	0.0	106224096.0	115717638.0	2177157.0	3004291.0	10.72
TCGA-AB-3012.PrimaryBloodDerivedCancer-PeripheralBlood.RNA.2b3.Dupl_flagstats	150961778.0	3030645.0	33984916.0	25226892.0	14903639.0	62390825.0	12613446.0	62390825.0	0.0	29358693.0	91.46	2856508.0	0.0	2.29	56.84	95.08	0.0	9836612.0	16687815.0	158766566.0	9836612.0	188125259.0	0.0	38.99	0.0	114120354.0	12613446.0	0.0	114120354.0	124781650.0	2719402.0	4131801.0	10.78
